chr     rs      ps      n_miss  allele1 allele0 af      beta    se      logl_H1 l_remle l_mle   p_wald  p_lrt   p_score
1       rs12239127      114617597       29      T       G       0.250   4.635474e-02    3.542655e-02    -2.678383e+01   1.000000e-05    1.000000e-05    1.923534e-01    1.893368e-01
1       rs12239272      114617972       29      A       G       0.035   -6.604567e-02   8.821433e-02    -2.736231e+01   1.000000e-05    1.000000e-05    4.550020e-01    4.519308e-01
1       rs1330700       114618054       29      C       T       0.119   -5.720980e-03   4.828775e-02    -2.763812e+01   1.000000e-05    1.000000e-05    9.058198e-01    9.051801e-01
1       rs61819249      114618760       29      A       G       0.054   2.680752e-02    7.255876e-02    -2.757624e+01   1.000000e-05    1.000000e-05    7.122125e-01    7.103370e-01
1       rs6669771       114619822       29      A       C       0.048   2.128276e-02    7.160510e-02    -2.760057e+01   1.000000e-05    1.000000e-05    7.666325e-01    7.650867e-01
1       rs4240538       114620453       29      T       G       0.131   8.602348e-02    4.650486e-02    -2.593165e+01   1.000000e-05    1.000000e-05    6.595869e-02    6.413390e-02
1       rs10858028      114620725       29      A       G       0.119   -5.720980e-03   4.828775e-02    -2.763812e+01   1.000000e-05    1.000000e-05    9.058198e-01    9.051801e-01
1       rs12755538      114620867       29      A       C       0.298   4.420284e-02    3.277629e-02    -2.673042e+01   1.000000e-05    1.000000e-05    1.791248e-01    1.761767e-01
1       rs12759829      114620986       29      T       C       0.311   3.738601e-02    3.214134e-02    -2.696385e+01   1.000000e-05    1.000000e-05    2.462729e-01    2.430646e-01
1       rs12123649      114621226       29      C       A       0.131   8.602348e-02    4.650486e-02    -2.593165e+01   1.000000e-05    1.000000e-05    6.595869e-02    6.413390e-02
1       rs12072102      114621340       29      A       G       0.048   2.128276e-02    7.160510e-02    -2.760057e+01   1.000000e-05    1.000000e-05    7.666325e-01    7.650867e-01
1       rs11585525      114621396       29      T       C       0.131   8.602348e-02    4.650486e-02    -2.593165e+01   1.000000e-05    1.000000e-05    6.595869e-02    6.413390e-02
1       rs11585561      114621638       29      T       C       0.131   8.602348e-02    4.650486e-02    -2.593165e+01   1.000000e-05    1.000000e-05    6.595869e-02    6.413390e-02
1       rs11102726      114623385       29      G       A       0.125   1.053530e-01    4.993177e-02    -2.542190e+01   1.000000e-05    1.000000e-05    3.622292e-02    3.497023e-02
1       rs75661162      114623454       29      A       G       0.019   7.199562e-02    1.174944e-01    -2.745562e+01   1.000000e-05    1.000000e-05    5.407973e-01    5.380389e-01
1       rs4462141       114623867       29      C       T       0.500   4.873221e-02    3.406846e-02    -2.661672e+01   1.000000e-05    1.000000e-05    1.543016e-01    1.515096e-01
1       rs114720052     114624588       29      T       C       0.016   1.713721e-02    1.284071e-01    -2.763621e+01   1.000000e-05    1.000000e-05    8.939763e-01    8.932571e-01
1       rs10858029      114625425       29      T       C       0.279   3.118232e-02    3.265275e-02    -2.718539e+01   1.000000e-05    1.000000e-05    3.408538e-01    3.375694e-01
1       rs12125801      114625510       29      A       G       0.125   1.053530e-01    4.993177e-02    -2.542190e+01   1.000000e-05    1.000000e-05    3.622292e-02    3.497023e-02
1       rs11102727      114625557       29      A       G       0.141   -1.180323e-02   4.010723e-02    -2.760145e+01   1.000000e-05    1.000000e-05    7.688685e-01    7.673366e-01
1       rs6687019       114625578       29      C       T       0.138   7.827734e-02    4.598816e-02    -2.619225e+01   1.000000e-05    1.000000e-05    9.043107e-02    8.825427e-02
1       rs6537808       114625602       29      T       G       0.141   -1.180323e-02   4.010723e-02    -2.760145e+01   1.000000e-05    1.000000e-05    7.688685e-01    7.673366e-01
1       rs6690072       114626282       29      C       T       0.125   1.053530e-01    4.993177e-02    -2.542190e+01   1.000000e-05    1.000000e-05    3.622292e-02    3.497023e-02
1       rs114605353     114626574       29      A       C       0.045   -2.173475e-02   7.911993e-02    -2.760708e+01   1.000000e-05    1.000000e-05    7.838517e-01    7.824137e-01
1       rs28407366      114626767       29      C       T       0.279   -4.061887e-02   3.304643e-02    -2.688469e+01   1.000000e-05    1.000000e-05    2.205954e-01    2.174622e-01
1       rs11102728      114626905       29      G       A       0.442   7.977143e-03    3.199739e-02    -2.761380e+01   1.000000e-05    1.000000e-05    8.034037e-01    8.020898e-01
1       rs4839359       114627035       29      C       A       0.266   3.821249e-02    3.344563e-02    -2.698774e+01   1.000000e-05    1.000000e-05    2.547282e-01    2.515010e-01
1       rs79725647      114628032       29      C       T       0.054   -4.211553e-02   7.251902e-02    -2.747489e+01   1.000000e-05    1.000000e-05    5.621225e-01    5.594574e-01
