-       ENSG00000000457 ENSG00000000460 ENSG00000000938 ENSG00000000971 ENSG00000001460 ENSG00000001461 ENSG00000003137 ENSG00000003509 ENSG00000004455 ENSG00000004487 ENSG000000054
208-5304        100.103826549361        100.13283570811 99.9272135767144        100.888709898798        100.621028426269        99.7252529935973        98.8310841025385        99.93
208-5304-rep1   100.053199606525        100.472127519458        100.790021569596        101.19130115448 100.159079131194        99.5770115577241        99.6034303197419        100.6
210-9586        99.684020307713 100.899745726967        100.702962124358        98.7007542623281        100.332661509571        99.167828264091 100.899931087297        100.291299688
210-9586-rep1   99.2430612959563        100.047689683773        101.05876799183 99.3372674712169        99.7289720769593        100.018815094006        99.6073094470662        99.73
210-9965        100.287157092882        100.573241335338        99.5428105746813        98.9077031241405        100.066691474087        99.6341893190319        98.4703033228121
210-22251       100.412514979669        100.491978465422        99.6965985089353        98.7468567064297        99.810221289192 100.268151079123        100.118925633626        100.0
214-1208        99.7439429886163        99.6123766934964        100.248056222306        100.908615102706        100.054953381567        100.090433191676        100.70702783817 100.4
214-1208-rep1   99.9528255211891        100.099833835601        99.6997002759323        101.132696888394        99.7597442603067        100.041440963361        100.344528683042
214-1208-rep2   100.298776237824        99.9394969201347        99.8107159672645        99.8929964675888        100.336818178636        100.292091744168        99.4698548757884
214-1211        99.6180481406262        100.280181397816        100.012960654095        100.236133086666        99.8660309884532        99.9637872524409        99.4659074797149
214-1212        99.5142473864856        100.562436492941        99.202827139146 99.6795706809645        99.85040570357  99.7615452569847        101.103715446485        99.3532054905
214-1223        100.556332422245        99.0255301681205        100.389409671185        99.0955699186521        100.414394351244        99.8951061042683        99.9544741457441
214-1225        99.8298866663539        99.5032117403439        99.8308271687792        99.8836587626157        99.9061379261355        100.351774336218        102.394967423506
214-1225-rep1   100.332424891866        100.065482656459        99.5026069861119        100.347912455035        100.554429626206        100.089737396149        104.544938501332
214-1225-rep2   99.8731284037664        98.4957823246004        100.319017260932        99.6698215005775        99.9434901469001        100.356097718219        100.459401669218
